  38869 1988
   2115 80
    924 22
    789 1999
    787 8080
    775 1996
    768 443
    635 10050
    407 8082
    284 9001
    239 7915
    177 15672
    150 3306
    118 11401
    118 11400
    117 11402
    116 25
    109 11800
    104 21600
    102 5900
     99 11802
     97 11808
     97 11801
     95 21601
     59 20000
     47 20002
     46 5672
     44 4369
     43 22402
     43 22401
     43 22400
     43 2181
     42 22408
     42 11211
     39 20001
     34 8433
     33 22001
     32 9092
     29 7991
     29 20003
     28 6379
     27 23
     26 6380
     26 21812
     24 14600
     23 1463
     22 5911
     22 5909
     22 5908
     22 5904
     22 4444
     21 8000
     21 6381
     21 60010
     21 5917
     21 5916
     21 5915
     21 5914
     21 5912
     21 5910
     21 5906
     21 5905
     21 5903
     21 5901
     21 53
     21 4786
     21 32404
     21 32403
     21 32402
     21 32401
     21 21
     20 5913
     20 5902
     20 32400
     20 14601
     20 12101
     20 12100
     19 8081
     19 6382
     19 5918
     19 11212
     19 11101
     19 11000
     18 8090
     18 5920
     18 5919
     18 5907
     18 21813
     17 8083
     17 623
     17 5985
     17 55672
     17 21815
     17 16380
     17 11100
     16 9000
     16 6383
     16 21814
     16 21810
     16 111
     15 8088
     15 5000
     15 22101
     14 5921
     14 3128
     14 22901
     14 21811
     14 2049
     14 11003
     14 11002
     13 9090
     13 8888
     13 445
     13 22861
     13 139
     12 8001
     12 6385
     12 6384
     12 5922
     12 3389
     12 22900
     12 16400
     12 15673
     12 1464
     11 8091
     11 8085
     11 8009
     11 5181
     11 22100
     11 21500
     11 15100
     11 13101
     11 13100
     11 12601
     11 12600
     11 12402
     11 12401
     11 12400
     10 9002
     10 8089
     10 4242
     10 20006
     10 20004
     10 16601
     10 16600
     10 14402
     10 14401
     10 14400
     10 12200
     10 12001
      9 9300
      9 9093
      9 8100
      9 8092
      9 5923
      9 27017
      9 18080
      9 16402
      9 16401
      9 16381
      9 15101
      9 1465
      9 12300
      9 12201
      9 10000
      8 9920
      8 9020
      8 9010
      8 59010
      8 5222
      8 37017
      8 37009
      8 22222
      8 2182
      8 21101
      8 21100
      8 20005
      8 16382
      7 9200
      7 8108
      7 8099
      7 7000
      7 49155
      7 37005
      7 37003
      7 28402
      7 28401
      7 28400
      7 2222
      7 19101
      7 15600
      7 15400
      7 15300
      7 1474
      7 1473
      7 1472
      7 1471
      7 14101
      7 14000
      7 135
      7 11200
      6 9922
      6 9904
      6 9602
      6 9510
      6 9302
      6 9220
      6 9210
      6 9101
      6 9091
      6 9067
      6 9064
      6 9048
      6 9032
      6 9025
      6 9023
      6 9022
      6 8983
      6 8443
      6 8102
      6 8086
      6 7929
      6 7777
      6 6888
      6 6387
      6 6080
      6 49156
      6 49154
      6 49153
      6 49152
      6 3888
      6 37010
      6 3307
      6 32700
      6 32500
      6 22300
      6 22201
      6 18800
      6 17000
      6 16509
      6 14100
      6 13203
      6 13201
      6 12501
      6 12500
      6 12000
      6 11300
      6 11201
      6 11138
      6 10001
      5 9999
      5 9992
      5 9991
      5 9950
      5 9921
      5 9910
      5 9901
      5 9502
      5 9500
      5 9240
      5 9202
      5 9100
      5 9095
      5 9088
      5 9085
      5 9082
      5 9061
      5 9030
      5 9012
      5 9009
      5 9004
      5 9003
      5 88
      5 8200
      5 8107
      5 8106
      5 8030
      5 7778
      5 6386
      5 6101
      5 5051
      5 47001
      5 38017
      5 37100
      5 37001
      5 32701
      5 32501
      5 32406
      5 32300
      5 32101
      5 32100
      5 31000
      5 28601
      5 28600
      5 25831
      5 25830
      5 25821
      5 25820
      5 25811
      5 25810
      5 25801
      5 25800
      5 25201
      5 25200
      5 21402
      5 21401
      5 21400
      5 19402
      5 19401
      5 19400
      5 18808
      5 18802
      5 18801
      5 18601
      5 18600
      5 18402
      5 18401
      5 18400
      5 18100
      5 18008
      5 18002
      5 18001
      5 18000
      5 16700
      5 16641
      5 16640
      5 16631
      5 16630
      5 16621
      5 16620
      5 16611
      5 16610
      5 16385
      5 16384
      5 16383
      5 15601
      5 15500
      5 15402
      5 15401
      5 15200
      5 14028
      5 13402
      5 13401
      5 13400
      5 13200
      5 13001
      5 12801
      5 12800
      5 1234
      5 11152
      5 10002
